[gd_scene load_steps=24 format=3 uid="uid://4el3kq51boe8"]

[ext_resource type="Script" path="res://main/main.gd" id="1_bujv1"]
[ext_resource type="Shader" path="res://environment/water/water.gdshader" id="1_gudu6"]
[ext_resource type="Texture2D" uid="uid://ssrlnj65d4bs" path="res://environment/water/textures/caustic_texture.png" id="2_woun1"]
[ext_resource type="PackedScene" uid="uid://b5h2nmyraqa6q" path="res://environment/baignoire/BAIGNOIRE_SMOOTH.glb" id="3_4tryq"]
[ext_resource type="PackedScene" uid="uid://cpsw08ate1kf0" path="res://assets/FLOTTE.glb" id="3_qnajh"]
[ext_resource type="PackedScene" uid="uid://byejtqwx88kyu" path="res://scenes/bubble.tscn" id="4_1iwhq"]
[ext_resource type="Script" path="res://main/hud.gd" id="4_f7kia"]
[ext_resource type="Texture2D" uid="uid://d2mghrpwtd852" path="res://environment/sol/floor_Tiles029_4K_Color.jpg" id="4_vyspa"]
[ext_resource type="PackedScene" uid="uid://b2i5bmbjailsa" path="res://item/duck.tscn" id="7_t2yrm"]
[ext_resource type="PackedScene" uid="uid://de76wbnhfpsty" path="res://item/tooth_brush.tscn" id="8_vqbr5"]
[ext_resource type="Script" path="res://scripts/debug_draw.gd" id="8_wqv0v"]
[ext_resource type="PackedScene" uid="uid://bvjeme52fg8uo" path="res://item/mascotte.tscn" id="9_gxufp"]
[ext_resource type="Script" path="res://main/player_spawns.gd" id="11_mx223"]

[sub_resource type="ProceduralSkyMaterial" id="ProceduralSkyMaterial_rsayj"]
sky_horizon_color = Color(0.64625, 0.65575, 0.67075, 1)
ground_horizon_color = Color(0.64625, 0.65575, 0.67075, 1)

[sub_resource type="Sky" id="Sky_ajdol"]
sky_material = SubResource("ProceduralSkyMaterial_rsayj")

[sub_resource type="Environment" id="Environment_7x14t"]
background_mode = 2
sky = SubResource("Sky_ajdol")
tonemap_mode = 2
glow_enabled = true

[sub_resource type="Shader" id="Shader_abalk"]
code = "// NOTE: Shader automatically converted from Godot Engine 4.3.stable's StandardMaterial3D.

shader_type spatial;
render_mode blend_mix, depth_draw_opaque, cull_back, diffuse_burley, specular_schlick_ggx;

uniform vec4 albedo : source_color;
uniform sampler2D texture_albedo : source_color, filter_linear_mipmap, repeat_enable;
uniform float point_size : hint_range(0.1, 128.0, 0.1);

uniform float roughness : hint_range(0.0, 1.0);
uniform sampler2D texture_metallic : hint_default_white, filter_linear_mipmap, repeat_enable;
uniform vec4 metallic_texture_channel;
uniform sampler2D texture_roughness : hint_roughness_r, filter_linear_mipmap, repeat_enable;

uniform float specular : hint_range(0.0, 1.0, 0.01);
uniform float metallic : hint_range(0.0, 1.0, 0.01);

uniform vec3 uv1_scale;
uniform vec3 uv1_offset;
uniform vec3 uv2_scale;
uniform vec3 uv2_offset;

void vertex() {
	UV = UV * uv1_scale.xy + uv1_offset.xy;
}

void fragment() {
	vec2 base_uv = UV;

	vec4 albedo_tex = texture(texture_albedo, base_uv);
	ALBEDO = albedo.rgb * albedo_tex.rgb;

	float metallic_tex = dot(texture(texture_metallic, base_uv), metallic_texture_channel);
	METALLIC = metallic_tex * metallic;
	SPECULAR = specular;

	vec4 roughness_texture_channel = vec4(1.0, 0.0, 0.0, 0.0);
	float roughness_tex = dot(texture(texture_roughness, base_uv), roughness_texture_channel);
	ROUGHNESS = roughness_tex * roughness;
	vec2 centered_uv = (UV * 2.0 / uv1_scale.xy - vec2(1.0)) ;
	float gradient = smoothstep(1.0, 0.7, (length(centered_uv)));
	ALPHA = gradient;
}
"

[sub_resource type="ShaderMaterial" id="ShaderMaterial_gwahh"]
render_priority = 0
shader = SubResource("Shader_abalk")
shader_parameter/albedo = Color(1, 1, 1, 1)
shader_parameter/point_size = 1.0
shader_parameter/roughness = 1.0
shader_parameter/metallic_texture_channel = null
shader_parameter/specular = 0.5
shader_parameter/metallic = 0.0
shader_parameter/uv1_scale = Vector3(2, 2, 2)
shader_parameter/uv1_offset = Vector3(0, 0, 0)
shader_parameter/uv2_scale = Vector3(1, 1, 1)
shader_parameter/uv2_offset = Vector3(0, 0, 0)
shader_parameter/texture_albedo = ExtResource("4_vyspa")

[sub_resource type="PlaneMesh" id="PlaneMesh_e2m5y"]
material = SubResource("ShaderMaterial_gwahh")
size = Vector2(10, 10)

[sub_resource type="BoxShape3D" id="BoxShape3D_1b16v"]
size = Vector3(0.55, 0.35, 0.1)

[sub_resource type="FastNoiseLite" id="FastNoiseLite_h6l63"]

[sub_resource type="NoiseTexture2D" id="NoiseTexture2D_q7dij"]
seamless = true
noise = SubResource("FastNoiseLite_h6l63")

[sub_resource type="ShaderMaterial" id="ShaderMaterial_6uoci"]
render_priority = -1
shader = ExtResource("1_gudu6")
shader_parameter/water_color = Color(0.133333, 0.490196, 0.823529, 1)
shader_parameter/water_depth_color = Color(0.133333, 0.490196, 0.823529, 1)
shader_parameter/water_edge_distance = 0.02
shader_parameter/water_depth_distance = 8.0
shader_parameter/water_texture_scale = 4.0
shader_parameter/main_noise_sampler = SubResource("NoiseTexture2D_q7dij")
shader_parameter/caustic_sampler = ExtResource("2_woun1")

[node name="Main" type="Node3D" node_paths=PackedStringArray("players_parent_node", "player_spawns")]
transform = Transform3D(1, 0, -1.06581e-14, 0, 1, 0, 1.06581e-14, 0, 1, 0, 0, 0)
script = ExtResource("1_bujv1")
players_parent_node = NodePath("Players")
player_spawns = NodePath("PlayerSpawns")
bubble_scene = ExtResource("4_1iwhq")

[node name="DirectionalLight3D" type="DirectionalLight3D" parent="."]
transform = Transform3D(-0.866023, -0.433016, 0.250001, 0, 0.499998, 0.866027, -0.500003, 0.749999, -0.43301, 0, 0, 0)
shadow_enabled = true

[node name="WorldEnvironment" type="WorldEnvironment" parent="."]
environment = SubResource("Environment_7x14t")

[node name="Sol" type="MeshInstance3D" parent="."]
mesh = SubResource("PlaneMesh_e2m5y")

[node name="Baignoire" type="StaticBody3D" parent="."]
transform = Transform3D(2, 0, 0, 0, 2, 0, 0, 0, 2, 0, 0, 0)
collision_layer = 2
collision_mask = 0

[node name="BAIGNOIRE_SMOOTH2" parent="Baignoire" instance=ExtResource("3_4tryq")]

[node name="CollisionShape3D" type="CollisionShape3D" parent="Baignoire"]
transform = Transform3D(1, 0, 0, 0, 1, 0, 0, 0, 1, -5.86198e-15, 0.6, -0.55)
shape = SubResource("BoxShape3D_1b16v")

[node name="CollisionShape3D2" type="CollisionShape3D" parent="Baignoire"]
transform = Transform3D(1, 0, 0, 0, 1, 0, 0, 0, 1, 5.86198e-15, 0.6, 0.55)
shape = SubResource("BoxShape3D_1b16v")

[node name="CollisionShape3D7" type="CollisionShape3D" parent="Baignoire"]
transform = Transform3D(0.994045, 0, -0.108971, 0, 1, 0, 0.108971, 0, 0.994045, -0.53907, 0.6, 0.521734)
shape = SubResource("BoxShape3D_1b16v")

[node name="CollisionShape3D8" type="CollisionShape3D" parent="Baignoire"]
transform = Transform3D(0.34284, 9.41916e-09, -0.939394, -2.2646e-09, 1, 9.20037e-09, 0.939394, -1.02691e-09, 0.34284, -0.948925, 0.6, 0.277436)
shape = SubResource("BoxShape3D_1b16v")

[node name="CollisionShape3D9" type="CollisionShape3D" parent="Baignoire"]
transform = Transform3D(-0.286357, 8.1666e-09, -0.958123, -2.2646e-09, 1, 9.20037e-09, 0.958123, 4.80435e-09, -0.286357, -0.961039, 0.6, -0.257596)
shape = SubResource("BoxShape3D_1b16v")

[node name="CollisionShape3D10" type="CollisionShape3D" parent="Baignoire"]
transform = Transform3D(-0.996083, -1.44218e-09, -0.088425, -2.2646e-09, 1, 9.20037e-09, 0.088425, 9.36457e-09, -0.996083, -0.555222, 0.6, -0.52814)
shape = SubResource("BoxShape3D_1b16v")

[node name="CollisionShape3D3" type="CollisionShape3D" parent="Baignoire"]
transform = Transform3D(0.991507, 0, 0.130059, 0, 1, 0, -0.130059, 0, 0.991507, 0.546639, 0.6, 0.52965)
shape = SubResource("BoxShape3D_1b16v")

[node name="CollisionShape3D5" type="CollisionShape3D" parent="Baignoire"]
transform = Transform3D(0.302403, 7.55509e-09, 0.95318, -2.91175e-09, 1, -7.00242e-09, -0.95318, -6.57861e-10, 0.302403, 0.945496, 0.6, 0.270404)
shape = SubResource("BoxShape3D_1b16v")

[node name="CollisionShape3D6" type="CollisionShape3D" parent="Baignoire"]
transform = Transform3D(-0.343086, 1.12257e-08, 0.939304, -1.31835e-09, 1, -1.24326e-08, -0.939304, -5.50377e-09, -0.343086, 0.939226, 0.6, -0.257454)
shape = SubResource("BoxShape3D_1b16v")

[node name="CollisionShape3D4" type="CollisionShape3D" parent="Baignoire"]
transform = Transform3D(0.996195, 0, -0.0871558, 0, 1, 0, 0.0871558, 0, 0.996195, 0.554715, 0.6, -0.528426)
shape = SubResource("BoxShape3D_1b16v")

[node name="FLOTTE2" parent="." instance=ExtResource("3_qnajh")]
transform = Transform3D(2, 0, 0, 0, 2, 0, 0, 0, 2, 0, -0.179578, 0)

[node name="FLOTTE" parent="FLOTTE2" index="0"]
transform = Transform3D(1.04346, 0, 0, 0, 1.04346, 0, 0, 0, 1.04346, 0, 0.589272, 0)
surface_material_override/0 = SubResource("ShaderMaterial_6uoci")

[node name="Players" type="Node3D" parent="."]

[node name="Items" type="Node3D" parent="."]

[node name="Duck2" parent="Items" instance=ExtResource("7_t2yrm")]
transform = Transform3D(1.51506, 0, 1.3056, 0, 2, 0, -1.3056, 0, 1.51506, -0.709849, 0.972039, -0.348515)
collision_layer = 1
collision_mask = 1
script = null

[node name="Duck3" parent="Items" instance=ExtResource("7_t2yrm")]
transform = Transform3D(-0.728649, 0, 1.86254, 0, 2, 0, -1.86254, 0, -0.728649, 1.01296, 0.938845, 0.336058)
collision_layer = 1
collision_mask = 1
script = null

[node name="ToothBrush" parent="Items" instance=ExtResource("8_vqbr5")]
transform = Transform3D(-8.74228e-08, -8.74228e-08, -2, -2, 3.82137e-15, 8.74228e-08, -7.62305e-22, 2, -8.74228e-08, 0.2, 1.01571, 0.4)
collision_layer = 1
collision_mask = 1
script = null

[node name="Mascotte" parent="Items" instance=ExtResource("9_gxufp")]
transform = Transform3D(2, 0, 0, 0, 2, 0, 0, 0, 2, -0.0589308, 0.98794, -0.00752424)

[node name="TargetCameraPosition" type="Marker3D" parent="."]
transform = Transform3D(1, 7.45601e-08, 4.43755e-08, -6.72004e-08, 0.34202, 0.939693, 5.48863e-08, -0.939693, 0.34202, -2.87586e-08, 2.83241, 0.885402)

[node name="HUD" type="Control" parent="."]
layout_mode = 3
anchors_preset = 15
anchor_right = 1.0
anchor_bottom = 1.0
grow_horizontal = 2
grow_vertical = 2
size_flags_horizontal = 3
size_flags_vertical = 3
script = ExtResource("4_f7kia")

[node name="CountdownLabel" type="Label" parent="HUD"]
layout_mode = 1
anchors_preset = 8
anchor_left = 0.5
anchor_top = 0.5
anchor_right = 0.5
anchor_bottom = 0.5
offset_left = -0.5
offset_top = -44.0
offset_right = 0.5
offset_bottom = 44.0
grow_horizontal = 2
grow_vertical = 2
theme_override_font_sizes/font_size = 64

[node name="Countdown" type="Timer" parent="HUD"]

[node name="debugDraw" type="Control" parent="." node_paths=PackedStringArray("debug_targets")]
visible = false
layout_mode = 3
anchors_preset = 0
offset_right = 40.0
offset_bottom = 40.0
script = ExtResource("8_wqv0v")
debug_targets = [null]
draw_flags = 3

[node name="PlayerSpawns" type="Node3D" parent="."]
transform = Transform3D(1, 0, 0, 0, 1, 0, 0, 0, 1, 0, -0.111501, 0)
script = ExtResource("11_mx223")

[node name="Spawn1" type="Node3D" parent="PlayerSpawns"]
transform = Transform3D(1, 0, 0, 0, 1, 0, 0, 0, 1, 1.23852, 1.14444, -0.606494)

[node name="Spawn2" type="Node3D" parent="PlayerSpawns"]
transform = Transform3D(1, 0, 0, 0, 1, 0, 0, 0, 1, 0.134068, 1.14444, -0.606494)

[node name="Spawn3" type="Node3D" parent="PlayerSpawns"]
transform = Transform3D(1, 0, 0, 0, 1, 0, 0, 0, 1, -1.4492, 1.14444, -0.606494)

[node name="Spawn4" type="Node3D" parent="PlayerSpawns"]
transform = Transform3D(1, 0, 0, 0, 1, 0, 0, 0, 1, -1.4492, 1.14444, 0.0766094)

[node name="Spawn5" type="Node3D" parent="PlayerSpawns"]
transform = Transform3D(1, 0, 0, 0, 1, 0, 0, 0, 1, -1.30875, 1.14444, 0.574572)

[node name="Spawn6" type="Node3D" parent="PlayerSpawns"]
transform = Transform3D(1, 0, 0, 0, 1, 0, 0, 0, 1, -0.414968, 1.14444, 0.574572)

[node name="Spawn7" type="Node3D" parent="PlayerSpawns"]
transform = Transform3D(1, 0, 0, 0, 1, 0, 0, 0, 1, 0.434123, 1.14444, 0.574572)

[node name="Spawn8" type="Node3D" parent="PlayerSpawns"]
transform = Transform3D(1, 0, 0, 0, 1, 0, 0, 0, 1, 1.47474, 1.14444, 0.497963)

[node name="Spawn9" type="Node3D" parent="PlayerSpawns"]
transform = Transform3D(1, 0, 0, 0, 1, 0, 0, 0, 1, 0.466043, 1.14444, -0.108531)

[node name="Spawn10" type="Node3D" parent="PlayerSpawns"]
transform = Transform3D(1, 0, 0, 0, 1, 0, 0, 0, 1, -0.421353, 1.14444, 0.140451)

[connection signal="timeout" from="HUD/Countdown" to="HUD" method="_on_countdown_timeout"]

[editable path="FLOTTE2"]
